Restricted Hartree-Fock: indexed AO input, spin-summed D=2 Cocc Cocc^T

CASE H2; sto-3g; nAO=2; Ne=2
Enuc = 0.715104339081 Hartree
own   = -1.116759307396 Hartree
PySCF = -1.116759307396 Hartree
difference = 2.220e-16 Hartree
Tr(D S) = 2.000000000000
iteration E_total_Hartree ||deltaD|| ||FDS-SDF||
  1 -1.116759307396 2.71948e-16 8.58669e-16
  2 -1.116759307396 0.00000e+00 8.58669e-16
S =
[[1.        0.6598731]
 [0.6598731 1.       ]]
X =
[[ 1.2454231 -0.4692429]
 [-0.4692429  1.2454231]]

CASE HeH+; sto-3g; nAO=2; Ne=2
Enuc = 1.374486262130 Hartree
own   = -2.840977456618 Hartree
PySCF = -2.840977456618 Hartree
difference = 1.776e-15 Hartree
Tr(D S) = 2.000000000000
iteration E_total_Hartree ||deltaD|| ||FDS-SDF||
  1 -2.839504241596 4.51874e-01 8.48266e-02
  2 -2.840975796609 9.77786e-02 2.87304e-03
  3 -2.840977098194 1.68012e-03 1.33482e-03
  4 -2.840977282720 2.47542e-03 9.29556e-04
  5 -2.840973512235 5.85421e-03 4.42936e-03
  6 -2.840977357361 4.06990e-03 7.02389e-04
  7 -2.836396923684 1.60915e-01 1.52858e-01
  8 -2.840977445357 1.61424e-01 2.36566e-04
  9 -2.840977456613 2.64038e-04 4.95171e-06
 10 -2.840977456618 5.43862e-06 2.27686e-08
S =
[[1.        0.5398085]
 [0.5398085 1.       ]]
X =
[[ 1.1399929 -0.3341198]
 [-0.3341198  1.1399929]]

CASE LiH; sto-3g; nAO=6; Ne=4
Enuc = 0.992207270475 Hartree
own   = -7.861864769809 Hartree
PySCF = -7.861864769809 Hartree
difference = 0.000e+00 Hartree
Tr(D S) = 4.000000000000
iteration E_total_Hartree ||deltaD|| ||FDS-SDF||
  1 -7.860945757645 4.22190e-01 4.87560e-02
  2 -7.861731806109 6.54189e-02 9.77329e-03
  3 -7.861853890323 3.32981e-02 2.81778e-03
  4 -7.861864767106 1.35700e-02 7.12006e-05
  5 -7.861864769794 2.09039e-04 4.77132e-06
  6 -7.861864769809 1.47012e-05 4.50424e-08
S =
[[1.        0.2411367 0.        0.        0.        0.0665173]
 [0.2411367 1.        0.        0.        0.        0.3952706]
 [0.        0.        1.        0.        0.        0.       ]
 [0.        0.        0.        1.        0.        0.       ]
 [0.        0.        0.        0.        1.        0.5129101]
 [0.0665173 0.3952706 0.        0.        0.5129101 1.       ]]
X =
[[ 1.0230807e+00 -1.2879458e-01  5.6416039e-18  1.5911515e-17
  -4.6305977e-03  6.7319907e-03]
 [-1.2879458e-01  1.1109823e+00  9.5770712e-17  4.1720384e-17
   1.1328340e-01 -2.7865458e-01]
 [ 5.6416039e-18  9.5770712e-17  1.0000000e+00 -1.7405597e-17
   2.1669168e-16 -6.6604744e-17]
 [ 1.5911515e-17  4.1720384e-17 -3.1362924e-17  1.0000000e+00
   1.0199447e-16 -3.1400826e-17]
 [-4.6305977e-03  1.1328340e-01  2.1669168e-16  1.0199447e-16
   1.1454995e+00 -3.5876217e-01]
 [ 6.7319907e-03 -2.7865458e-01 -6.6604744e-17 -3.1400826e-17
  -3.5876217e-01  1.2322001e+00]]

CASE H2O; sto-3g; nAO=7; Ne=10
Enuc = 8.002398989889 Hartree
own   = -74.942074626124 Hartree
PySCF = -74.942074626124 Hartree
difference = 4.263e-14 Hartree
Tr(D S) = 10.000000000000
iteration E_total_Hartree ||deltaD|| ||FDS-SDF||
  1 -74.828174493405 3.65327e+00 7.11420e-01
  2 -74.938716146347 8.06148e-01 1.02358e-01
  3 -74.941845329352 1.86276e-01 2.42938e-02
  4 -74.942049022824 3.85147e-02 7.36487e-03
  5 -74.942074498342 1.79658e-02 6.11213e-04
  6 -74.942074626118 1.33027e-03 4.13045e-06
  7 -74.942074626124 8.04122e-06 1.18208e-07
S =
[[ 1.         0.2367039  0.         0.         0.         0.0384064
   0.0384064]
 [ 0.2367039  1.         0.         0.         0.         0.3861441
   0.3861441]
 [ 0.         0.         1.         0.         0.         0.2684705
  -0.2684705]
 [ 0.         0.         0.         1.         0.         0.
   0.       ]
 [ 0.         0.         0.         0.         1.         0.2096913
   0.2096913]
 [ 0.0384064  0.3861441  0.2684705  0.         0.2096913  1.
   0.1817109]
 [ 0.0384064  0.3861441 -0.2684705  0.         0.2096913  0.1817109
   1.       ]]
X =
[[ 1.0236347e+00 -1.3685541e-01  3.5073518e-17 -7.1344350e-32
  -7.4862668e-03  1.9028588e-02  1.9028588e-02]
 [-1.3685541e-01  1.1578709e+00  5.4247978e-17  8.1512535e-19
   7.2150910e-02 -2.2234163e-01 -2.2234163e-01]
 [ 3.5073518e-17  5.4247978e-17  1.0733308e+00  1.2380556e-16
   4.4776188e-17 -1.7577586e-01  1.7577586e-01]
 [-7.1344350e-32  8.1512535e-19  1.2380556e-16  1.0000000e+00
   2.9183642e-17  1.6685581e-16 -1.7187954e-16]
 [-7.4862668e-03  7.2150910e-02  4.4776188e-17  2.9183642e-17
   1.0382932e+00 -1.1844564e-01 -1.1844564e-01]
 [ 1.9028588e-02 -2.2234163e-01 -1.7577586e-01  1.6685581e-16
  -1.1844564e-01  1.1297244e+00 -6.2578089e-02]
 [ 1.9028588e-02 -2.2234163e-01  1.7577586e-01 -1.7187954e-16
  -1.1844564e-01 -6.2578089e-02  1.1297244e+00]]
