# own-energies_eV
-1.466995172099530897e+00
-1.425393749285228662e+00
-1.312048575736059153e+00
-1.148031617981756680e+00
-9.488856489632053748e-01
-6.956007201862891565e-01
-4.627833291148986117e-01
-4.107513526813979521e-01
-4.895233696976344362e-01
-6.002891202474950338e-01
-7.009873317821005978e-01
-7.735949065068824515e-01
-8.065205292762900324e-01
-7.927556792829897336e-01
-7.362800675123892802e-01
-7.476296753716605847e-01
-8.948924053033395776e-01
-1.030328064419458567e+00
-1.081667241168504878e+00
