# integration-time_s
0.000000000000000000e+00
7.308840568867142800e-14
8.497163125034445884e-14
9.878691496021583355e-14
1.148483843814321691e-13
1.335212401393168238e-13
1.552300597379872343e-13
1.804684514697204177e-13
2.098102779245957568e-13
2.439227042970563933e-13
2.835813681776458167e-13
3.296880157558842645e-13
3.832910054406737466e-13
4.456091451031189663e-13
5.180594049454318438e-13
6.022891361224387910e-13
7.002135276924883605e-13
8.140591535821537880e-13
9.464145997218278367e-13
1.100289322496064271e-12
1.279182076813561377e-12
1.487160469692651638e-12
1.728953448226604931e-12
2.010058824890930650e-12
2.336868285069280231e-12
2.716812719179468869e-12
3.158531183915889970e-12
3.672067334395474234e-12
4.269097793619698650e-12
4.963197651845043272e-12
5.770149132703293438e-12
6.708300444424036740e-12
7.798982975605829076e-12
9.066996321601401970e-12
1.054117216989401487e-11
1.225502986591290324e-11
1.424753856533653931e-11
1.656400330246208652e-11
1.925709512178414717e-11
2.238804869559057578e-11
2.602805465862469822e-11
3.025987831828266087e-11
3.517974154606497519e-11
4.089951064013972522e-11
4.754923990594248874e-11
5.528012878995070427e-11
6.426795980500232933e-11
7.471709541762587321e-11
8.686512477734053387e-11
1.009882659437927404e-10
1.174076464458675495e-10
1.364966049781460355e-10
1.586891802583774012e-10
1.844899800629300033e-10
2.144856548392393671e-10
2.493582367786326538e-10
2.899006476491563203e-10
3.370347280006170902e-10
3.918321976842296638e-10
4.555390242805230181e-10
5.296037535171751362e-10
6.157104458448300142e-10
7.158169680724232532e-10
8.321995107250968775e-10
9.675043433463578413e-10
1.124807984540231700e-09
1.307687154880844118e-09
1.520300103256601431e-09
1.767481155821736789e-09
2.054850637379488665e-09
2.388942664554637692e-09
2.777353716476211579e-09
3.228915361123688944e-09
3.753895064733926883e-09
4.364229650209751316e-09
5.073796712833796723e-09
5.898730164652464377e-09
6.857787082278925987e-09
7.972774199384439132e-09
9.269043741329853503e-09
1.077606987606887157e-08
1.252811888848187353e-08
1.456502831635249794e-08
1.693311276373565058e-08
1.968621698781514790e-08
2.288694020400795397e-08
2.660805944717824443e-08
3.093418435289959160e-08
3.596368098465964886e-08
4.181090845038339929e-08
4.860881916375640381e-08
5.651198187426862394e-08
6.570009620268400281e-08
7.638207859433344609e-08
8.880081259534884153e-08
1.032386714621205824e-07
1.200239386753305842e-07
1.395382723461832085e-07
1.622253832381490287e-07
1.886011237223417618e-07
2.192652170660142718e-07
