# x_bohr V_Hartree
-5.970074812967580691e+00 1.782089663621494680e+01
-5.940149625935161382e+00 1.764268878924881889e+01
-5.910224438902742961e+00 1.746537645910161984e+01
-5.880299251870323651e+00 1.728895964577334254e+01
-5.850374064837905230e+00 1.711343834926399765e+01
-5.820448877805485921e+00 1.693881256957357095e+01
-5.790523690773066612e+00 1.676508230670206956e+01
-5.760598503740648191e+00 1.659224756064949702e+01
-5.730673316708228882e+00 1.642030833141584623e+01
-5.700748129675810461e+00 1.624926461900112429e+01
-5.670822942643391151e+00 1.607911642340532410e+01
-5.640897755610971842e+00 1.590986374462844921e+01
-5.610972568578553421e+00 1.574150658267050495e+01
-5.581047381546134112e+00 1.557404493753148067e+01
-5.551122194513715691e+00 1.540747880921138524e+01
-5.521197007481296382e+00 1.524180819771021156e+01
-5.491271820448877072e+00 1.507703310302796140e+01
-5.461346633416458651e+00 1.491315352516464365e+01
-5.431421446384039342e+00 1.475016946412024410e+01
-5.401496259351620921e+00 1.458808091989477695e+01
-5.371571072319201612e+00 1.442688789248822800e+01
-5.341645885286782303e+00 1.426659038190060613e+01
-5.311720698254363882e+00 1.410718838813191311e+01
-5.281795511221944572e+00 1.394868191118214185e+01
-5.251870324189526151e+00 1.379107095105129943e+01
-5.221945137157106842e+00 1.363435550773937699e+01
-5.192019950124688421e+00 1.347853558124638518e+01
-5.162094763092269112e+00 1.332361117157231511e+01
-5.132169576059849803e+00 1.316958227871716858e+01
-5.102244389027431382e+00 1.301644890268095267e+01
-5.072319201995012072e+00 1.286421104346365851e+01
-5.042394014962592763e+00 1.271286870106528788e+01
-5.012468827930174342e+00 1.256242187548584788e+01
-4.982543640897755033e+00 1.241287056672532785e+01
-4.952618453865336612e+00 1.226421477478373845e+01
-4.922693266832917303e+00 1.211645449966106902e+01
-4.892768079800498882e+00 1.196958974135733023e+01
-4.862842892768079572e+00 1.182362049987251140e+01
-4.832917705735660263e+00 1.167854677520661966e+01
-4.802992518703241842e+00 1.153436856735965499e+01
-4.773067331670822533e+00 1.139108587633161207e+01
-4.743142144638403224e+00 1.124869870212249623e+01
-4.713216957605984803e+00 1.110720704473230747e+01
-4.683291770573565493e+00 1.096661090416104045e+01
-4.653366583541147072e+00 1.082691028040870407e+01
-4.623441396508727763e+00 1.068810517347528766e+01
-4.593516209476309342e+00 1.055019558336080010e+01
-4.563591022443890033e+00 1.041318151006523429e+01
-4.533665835411470724e+00 1.027706295358859379e+01
-4.503740648379052303e+00 1.014183991393088391e+01
-4.473815461346632993e+00 1.000751239109209401e+01
-4.443890274314213684e+00 9.874080385072229404e+00
-4.413965087281795263e+00 9.741543895871293657e+00
-4.384039900249375954e+00 9.609902923489279658e+00
-4.354114713216957533e+00 9.479157467926194514e+00
-4.324189526184538224e+00 9.349307529182031118e+00
-4.294264339152119803e+00 9.220353107256796577e+00
-4.264339152119700493e+00 9.092294202150483784e+00
-4.234413965087281184e+00 8.965130813863094517e+00
-4.204488778054862763e+00 8.838862942394635880e+00
-4.174563591022443454e+00 8.713490587745098992e+00
-4.144638403990024145e+00 8.589013749914487406e+00
-4.114713216957605724e+00 8.465432428902804673e+00
-4.084788029925186414e+00 8.342746624710043690e+00
-4.054862842892767993e+00 8.220956337336209785e+00
-4.024937655860348684e+00 8.100061566781299405e+00
-3.995012468827929819e+00 7.980062313045315214e+00
-3.965087281795510954e+00 7.860958576128257214e+00
-3.935162094763092089e+00 7.742750356030123626e+00
-3.905236907730673224e+00 7.625437652750915341e+00
-3.875311720698253914e+00 7.509020466290630580e+00
-3.845386533665835049e+00 7.393498796649272897e+00
-3.815461346633416184e+00 7.278872643826840516e+00
-3.785536159600997319e+00 7.165142007823333437e+00
-3.755610972568578454e+00 7.052306888638751659e+00
-3.725685785536159145e+00 6.940367286273093406e+00
-3.695760598503740280e+00 6.829323200726362231e+00
-3.665835411471321414e+00 6.719174631998556357e+00
-3.635910224438902549e+00 6.609921580089675786e+00
-3.605985037406483684e+00 6.501564044999719627e+00
-3.576059850374064375e+00 6.394102026728687882e+00
-3.546134663341645510e+00 6.287535525276582327e+00
-3.516209476309226645e+00 6.181864540643402961e+00
-3.486284289276807780e+00 6.077089072829148009e+00
-3.456359102244388914e+00 5.973209121833819246e+00
-3.426433915211969605e+00 5.870224687657413121e+00
-3.396508728179550740e+00 5.768135770299934961e+00
-3.366583541147131875e+00 5.666942369761381215e+00
-3.336658354114713010e+00 5.566644486041752771e+00
-3.306733167082294145e+00 5.467242119141049628e+00
-3.276807980049874836e+00 5.368735269059270898e+00
-3.246882793017455970e+00 5.271123935796418358e+00
-3.216957605985037105e+00 5.174408119352490232e+00
-3.187032418952618240e+00 5.078587819727488295e+00
-3.157107231920199375e+00 4.983663036921411660e+00
-3.127182044887780066e+00 4.889633770934258550e+00
-3.097256857855361201e+00 4.796500021766032518e+00
-3.067331670822942336e+00 4.704261789416731787e+00
-3.037406483790523470e+00 4.612919073886355470e+00
-3.007481296758104605e+00 4.522471875174905342e+00
-2.977556109725685296e+00 4.432920193282378740e+00
-2.947630922693266431e+00 4.344264028208778328e+00
-2.917705735660847566e+00 4.256503379954104105e+00
-2.887780548628428701e+00 4.169638248518354295e+00
-2.857855361596009836e+00 4.083668633901529788e+00
-2.827930174563590526e+00 3.998594536103629693e+00
-2.798004987531171661e+00 3.914415955124656232e+00
-2.768079800498752796e+00 3.831132890964607629e+00
-2.738154613466333931e+00 3.748745343623484327e+00
-2.708229426433915066e+00 3.667253313101286327e+00
-2.678304239401496201e+00 3.586656799398013629e+00
-2.648379052369076891e+00 3.506955802513664899e+00
-2.618453865336658026e+00 3.428150322448242804e+00
-2.588528678304239161e+00 3.350240359201745566e+00
-2.558603491271820296e+00 3.273225912774174073e+00
-2.528678304239401431e+00 3.197106983165527438e+00
-2.498753117206982122e+00 3.121883570375805217e+00
-2.468827930174563257e+00 3.047555674405009185e+00
-2.438902743142144391e+00 2.974123295253138455e+00
-2.408977556109725526e+00 2.901586432920193026e+00
-2.379052369077306661e+00 2.829945087406172455e+00
-2.349127182044887352e+00 2.759199258711076741e+00
-2.319201995012468487e+00 2.689348946834906773e+00
-2.289276807980049622e+00 2.620394151777662550e+00
-2.259351620947630757e+00 2.552334873539343185e+00
-2.229426433915211891e+00 2.485171112119949122e+00
-2.199501246882792582e+00 2.418902867519479472e+00
-2.169576059850373717e+00 2.353530139737936011e+00
-2.139650872817954852e+00 2.289052928775317852e+00
-2.109725685785535987e+00 2.225471234631624995e+00
-2.079800498753117122e+00 2.162785057306857439e+00
-2.049875311720697812e+00 2.100994396801013853e+00
-2.019950124688278947e+00 2.040099253114096900e+00
-1.990024937655860082e+00 1.980099626246104805e+00
-1.960099750623441217e+00 1.920995516197038233e+00
-1.930174563591021908e+00 1.862786922966895853e+00
-1.900249376558603487e+00 1.805473846555680550e+00
-1.870324189526184178e+00 1.749056286963388773e+00
-1.840399002493765757e+00 1.693534244190024074e+00
-1.810473815461346447e+00 1.638907718235582678e+00
-1.780548628428927138e+00 1.585176709100066805e+00
-1.750623441396508717e+00 1.532341216783477789e+00
-1.720698254364089408e+00 1.480401241285812297e+00
-1.690773067331670987e+00 1.429356782607073661e+00
-1.660847880299251678e+00 1.379207840747258773e+00
-1.630922693266832368e+00 1.329954415706369186e+00
-1.600997506234413947e+00 1.281596507484406233e+00
-1.571072319201994638e+00 1.234134116081367027e+00
-1.541147132169576217e+00 1.187567241497254678e+00
-1.511221945137156908e+00 1.141895883732066075e+00
-1.481296758104737599e+00 1.097120042785802774e+00
-1.451371571072319178e+00 1.053239718658466106e+00
-1.421446384039899868e+00 1.010254911350053186e+00
-1.391521197007481447e+00 9.681656208605670111e-01
-1.361596009975062138e+00 9.269718471900048051e-01
-1.331670822942642829e+00 8.866735903383677897e-01
-1.301745635910224408e+00 8.472708503056572971e-01
-1.271820448877805099e+00 8.087636270918707737e-01
-1.241895261845386678e+00 7.711519206970107732e-01
-1.211970074812967368e+00 7.344357311210748529e-01
-1.182044887780548059e+00 6.986150583640642342e-01
-1.152119700748129638e+00 6.636899024259799162e-01
-1.122194513715710329e+00 6.296602633068197896e-01
-1.092269326683291908e+00 5.965261410065859637e-01
-1.062344139650872599e+00 5.642875355252763292e-01
-1.032418952618453289e+00 5.329444468628919962e-01
-1.002493765586034868e+00 5.024968750194339639e-01
-9.725685785536155592e-01 4.729448199949001230e-01
-9.426433915211971382e-01 4.442882817892924718e-01
-9.127182044887778289e-01 4.165272604026092340e-01
-8.827930174563585197e-01 3.896617558348512422e-01
-8.528678304239400987e-01 3.636917680860193292e-01
-8.229426433915207895e-01 3.386172971561118850e-01
-7.930174563591023684e-01 3.144383430451304084e-01
-7.630922693266830592e-01 2.911549057530735118e-01
-7.331670822942637500e-01 2.687669852799418613e-01
-7.032418952618453289e-01 2.472745816257361229e-01
-6.733167082294260197e-01 2.266776947904549921e-01
-6.433915211970075987e-01 2.069763247740997458e-01
-6.134663341645882895e-01 1.881704715766691627e-01
-5.835411471321689802e-01 1.702601351981638533e-01
-5.536159600997505592e-01 1.532453156385842896e-01
-5.236907730673312500e-01 1.371260128979295279e-01
-4.937655860349128289e-01 1.219022269762004562e-01
-4.638403990024935197e-01 1.075739578733962004e-01
-4.339152119700742105e-01 9.414120558951721840e-02
-4.039900249376557895e-01 8.160397012456387100e-02
-3.740648379052364803e-01 6.996225147853542270e-02
-3.441396508728180592e-01 5.921604965143255350e-02
-3.142144638403987500e-01 4.936536464325462503e-02
-2.842892768079794408e-01 4.041019645400197730e-02
-2.543640897755610197e-01 3.235054508367483234e-02
-2.244389027431417105e-01 2.518641053227271137e-02
-1.945137157107232895e-01 1.891779279979604114e-02
-1.645885286783039803e-01 1.354469188624444521e-02
-1.346633416458846710e-01 9.067107791618128285e-03
-1.047381546134662500e-01 5.485040515917180559e-03
-7.481296758104694078e-02 2.798490059141390401e-03
-4.488778054862851974e-02 1.007456421290916539e-03
-1.496259351620921052e-02 1.119396023656529495e-04
1.496259351621009870e-02 1.119396023656662445e-04
4.488778054862851974e-02 1.007456421290916539e-03
7.481296758104782896e-02 2.798490059141456755e-03
1.047381546134662500e-01 5.485040515917180559e-03
1.346633416458855592e-01 9.067107791618247981e-03
1.645885286783048684e-01 1.354469188624459267e-02
1.945137157107232895e-01 1.891779279979604114e-02
2.244389027431425987e-01 2.518641053227291260e-02
2.543640897755610197e-01 3.235054508367483234e-02
2.842892768079803290e-01 4.041019645400223403e-02
3.142144638403996382e-01 4.936536464325490259e-02
3.441396508728180592e-01 5.921604965143255350e-02
3.740648379052373684e-01 6.996225147853575577e-02
4.039900249376557895e-01 8.160397012456387100e-02
4.339152119700750987e-01 9.414120558951760698e-02
4.638403990024935197e-01 1.075739578733962004e-01
4.937655860349128289e-01 1.219022269762004562e-01
5.236907730673321382e-01 1.371260128979299719e-01
5.536159600997505592e-01 1.532453156385842896e-01
5.835411471321698684e-01 1.702601351981643529e-01
6.134663341645882895e-01 1.881704715766691627e-01
6.433915211970075987e-01 2.069763247740997458e-01
6.733167082294269079e-01 2.266776947904556028e-01
7.032418952618453289e-01 2.472745816257361229e-01
7.331670822942646382e-01 2.687669852799425274e-01
7.630922693266830592e-01 2.911549057530735118e-01
7.930174563591023684e-01 3.144383430451304084e-01
8.229426433915216776e-01 3.386172971561126066e-01
8.528678304239400987e-01 3.636917680860193292e-01
8.827930174563594079e-01 3.896617558348520194e-01
9.127182044887778289e-01 4.165272604026092340e-01
9.426433915211971382e-01 4.442882817892924718e-01
9.725685785536164474e-01 4.729448199949010112e-01
1.002493765586034868e+00 5.024968750194339639e-01
1.032418952618454178e+00 5.329444468628929954e-01
1.062344139650872599e+00 5.642875355252763292e-01
1.092269326683291908e+00 5.965261410065859637e-01
1.122194513715711217e+00 6.296602633068207888e-01
1.152119700748129638e+00 6.636899024259799162e-01
1.182044887780548947e+00 6.986150583640652334e-01
1.211970074812967368e+00 7.344357311210748529e-01
1.241895261845386678e+00 7.711519206970107732e-01
1.271820448877805987e+00 8.087636270918719950e-01
1.301745635910224408e+00 8.472708503056572971e-01
1.331670822942643717e+00 8.866735903383690109e-01
1.361596009975062138e+00 9.269718471900048051e-01
1.391521197007481447e+00 9.681656208605670111e-01
1.421446384039900757e+00 1.010254911350054519e+00
1.451371571072319178e+00 1.053239718658466106e+00
1.481296758104738487e+00 1.097120042785804106e+00
1.511221945137156908e+00 1.141895883732066075e+00
1.541147132169576217e+00 1.187567241497254678e+00
1.571072319201995526e+00 1.234134116081368360e+00
1.600997506234413947e+00 1.281596507484406233e+00
1.630922693266833257e+00 1.329954415706370519e+00
1.660847880299251678e+00 1.379207840747258773e+00
1.690773067331670987e+00 1.429356782607073661e+00
1.720698254364090296e+00 1.480401241285813851e+00
1.750623441396508717e+00 1.532341216783477789e+00
1.780548628428928026e+00 1.585176709100068360e+00
1.810473815461346447e+00 1.638907718235582678e+00
1.840399002493765757e+00 1.693534244190024074e+00
1.870324189526185066e+00 1.749056286963390550e+00
1.900249376558603487e+00 1.805473846555680550e+00
1.930174563591022796e+00 1.862786922966897629e+00
1.960099750623441217e+00 1.920995516197038233e+00
1.990024937655860526e+00 1.980099626246105693e+00
2.019950124688279836e+00 2.040099253114098676e+00
2.049875311720698257e+00 2.100994396801014741e+00
2.079800498753116678e+00 2.162785057306856551e+00
2.109725685785536875e+00 2.225471234631626771e+00
2.139650872817955296e+00 2.289052928775318740e+00
2.169576059850373717e+00 2.353530139737936011e+00
2.199501246882793914e+00 2.418902867519482580e+00
2.229426433915212336e+00 2.485171112119950454e+00
2.259351620947630757e+00 2.552334873539343185e+00
2.289276807980049178e+00 2.620394151777661662e+00
2.319201995012469375e+00 2.689348946834908993e+00
2.349127182044887796e+00 2.759199258711077629e+00
2.379052369077306217e+00 2.829945087406171567e+00
2.408977556109726414e+00 2.901586432920195247e+00
2.438902743142144836e+00 2.974123295253139343e+00
2.468827930174563257e+00 3.047555674405009185e+00
2.498753117206983454e+00 3.121883570375808326e+00
2.528678304239401875e+00 3.197106983165528327e+00
2.558603491271820296e+00 3.273225912774174073e+00
2.588528678304238717e+00 3.350240359201744678e+00
2.618453865336658914e+00 3.428150322448245024e+00
2.648379052369077336e+00 3.506955802513666232e+00
2.678304239401495757e+00 3.586656799398012296e+00
2.708229426433915954e+00 3.667253313101288548e+00
2.738154613466334375e+00 3.748745343623485660e+00
2.768079800498752796e+00 3.831132890964607629e+00
2.798004987531172993e+00 3.914415955124659785e+00
2.827930174563591414e+00 3.998594536103632358e+00
2.857855361596009836e+00 4.083668633901529788e+00
2.887780548628428257e+00 4.169638248518353407e+00
2.917705735660848454e+00 4.256503379954106769e+00
2.947630922693266875e+00 4.344264028208780104e+00
2.977556109725685296e+00 4.432920193282378740e+00
3.007481296758105493e+00 4.522471875174908007e+00
3.037406483790523914e+00 4.612919073886357246e+00
3.067331670822942336e+00 4.704261789416731787e+00
3.097256857855362533e+00 4.796500021766036959e+00
3.127182044887780954e+00 4.889633770934261214e+00
3.157107231920199375e+00 4.983663036921411660e+00
3.187032418952617796e+00 5.078587819727487407e+00
3.216957605985037993e+00 5.174408119352493785e+00
3.246882793017456414e+00 5.271123935796419246e+00
3.276807980049874836e+00 5.368735269059270898e+00
3.306733167082295033e+00 5.467242119141052292e+00
3.336658354114713454e+00 5.566644486041754547e+00
3.366583541147131875e+00 5.666942369761381215e+00
3.396508728179552072e+00 5.768135770299939402e+00
3.426433915211970493e+00 5.870224687657416673e+00
3.456359102244388914e+00 5.973209121833819246e+00
3.486284289276807336e+00 6.077089072829147121e+00
3.516209476309227533e+00 6.181864540643405626e+00
3.546134663341645954e+00 6.287535525276584103e+00
3.576059850374064375e+00 6.394102026728687882e+00
3.605985037406484572e+00 6.501564044999723180e+00
3.635910224438902993e+00 6.609921580089676674e+00
3.665835411471321414e+00 6.719174631998556357e+00
3.695760598503741612e+00 6.829323200726367560e+00
3.725685785536160033e+00 6.940367286273096958e+00
3.755610972568578454e+00 7.052306888638751659e+00
3.785536159600996875e+00 7.165142007823331660e+00
3.815461346633417072e+00 7.278872643826844069e+00
3.845386533665835493e+00 7.393498796649274674e+00
3.875311720698253914e+00 7.509020466290630580e+00
3.905236907730674112e+00 7.625437652750918893e+00
3.935162094763092533e+00 7.742750356030125403e+00
3.965087281795510954e+00 7.860958576128257214e+00
3.995012468827931151e+00 7.980062313045320543e+00
4.024937655860349572e+00 8.100061566781302957e+00
4.054862842892767993e+00 8.220956337336209785e+00
4.084788029925186414e+00 8.342746624710043690e+00
4.114713216957606612e+00 8.465432428902808226e+00
4.144638403990025033e+00 8.589013749914490958e+00
4.174563591022443454e+00 8.713490587745098992e+00
4.204488778054863651e+00 8.838862942394639433e+00
4.234413965087282072e+00 8.965130813863099846e+00
4.264339152119700493e+00 9.092294202150483784e+00
4.294264339152118914e+00 9.220353107256793024e+00
4.324189526184539112e+00 9.349307529182034671e+00
4.354114713216957533e+00 9.479157467926194514e+00
4.384039900249375954e+00 9.609902923489279658e+00
4.413965087281796151e+00 9.741543895871297210e+00
4.443890274314214572e+00 9.874080385072232957e+00
4.473815461346632993e+00 1.000751239109209401e+01
4.503740648379053191e+00 1.014183991393088746e+01
4.533665835411471612e+00 1.027706295358859911e+01
4.563591022443890033e+00 1.041318151006523429e+01
4.593516209476308454e+00 1.055019558336079655e+01
4.623441396508728651e+00 1.068810517347529121e+01
4.653366583541147072e+00 1.082691028040870407e+01
4.683291770573565493e+00 1.096661090416104045e+01
4.713216957605985691e+00 1.110720704473231280e+01
4.743142144638404112e+00 1.124869870212249978e+01
4.773067331670822533e+00 1.139108587633161207e+01
4.802992518703242730e+00 1.153436856735966032e+01
4.832917705735661151e+00 1.167854677520662321e+01
4.862842892768079572e+00 1.182362049987251140e+01
4.892768079800497993e+00 1.196958974135732667e+01
4.922693266832918191e+00 1.211645449966107435e+01
4.952618453865336612e+00 1.226421477478373845e+01
4.982543640897755033e+00 1.241287056672532785e+01
5.012468827930175230e+00 1.256242187548585143e+01
5.042394014962593651e+00 1.271286870106529321e+01
5.072319201995012072e+00 1.286421104346365851e+01
5.102244389027432270e+00 1.301644890268095800e+01
5.132169576059850691e+00 1.316958227871717391e+01
5.162094763092269112e+00 1.332361117157231511e+01
5.192019950124687533e+00 1.347853558124638162e+01
5.221945137157107730e+00 1.363435550773938232e+01
5.251870324189526151e+00 1.379107095105129943e+01
5.281795511221944572e+00 1.394868191118214185e+01
5.311720698254364770e+00 1.410718838813191844e+01
5.341645885286783191e+00 1.426659038190061146e+01
5.371571072319201612e+00 1.442688789248822800e+01
5.401496259351621809e+00 1.458808091989478228e+01
5.431421446384040230e+00 1.475016946412024943e+01
5.461346633416458651e+00 1.491315352516464365e+01
5.491271820448877072e+00 1.507703310302796140e+01
5.521197007481297270e+00 1.524180819771021689e+01
5.551122194513715691e+00 1.540747880921138524e+01
5.581047381546134112e+00 1.557404493753148067e+01
5.610972568578554309e+00 1.574150658267051028e+01
5.640897755610972730e+00 1.590986374462845454e+01
5.670822942643391151e+00 1.607911642340532410e+01
5.700748129675811349e+00 1.624926461900113139e+01
5.730673316708229770e+00 1.642030833141584978e+01
5.760598503740648191e+00 1.659224756064949702e+01
5.790523690773066612e+00 1.676508230670206956e+01
5.820448877805486809e+00 1.693881256957357451e+01
5.850374064837905230e+00 1.711343834926399765e+01
5.880299251870323651e+00 1.728895964577334254e+01
5.910224438902743849e+00 1.746537645910162695e+01
5.940149625935162270e+00 1.764268878924882245e+01
5.970074812967580691e+00 1.782089663621494680e+01
