# finite_temperature-0-F_eV
1.433636209222538538e-01
1.321872073213008481e-01
1.215703857325822340e-01
1.114995426414179952e-01
1.019612034136512663e-01
9.294203231970184220e-02
8.442883255941698029e-02
7.640854628773256774e-02
6.886825464115670092e-02
6.179517776508501592e-02
5.517667484195713790e-02
4.900024412026102866e-02
4.325352294438934708e-02
3.792428778535034128e-02
3.300045427233348067e-02
2.847007722512596983e-02
2.432135068737408673e-02
2.054260796067945705e-02
1.712232163951567243e-02
1.404910364694769188e-02
1.131170527113022940e-02
8.899017202557419140e-03
6.800069572029195444e-03
5.004031989294483937e-03
3.500213582324654057e-03
2.278063037161973461e-03
1.327168638282701096e-03
6.372583094028123202e-04
1.981996546482900357e-04
1.734723475976807094e-18
3.280643491430403069e-05
2.869058540088103432e-04
7.527249986914296559e-04
1.420830498598380995e-03
2.281928912693933359e-03
3.326866769871013665e-03
4.546630608877473903e-03
5.932347017378039253e-03
7.475282669946467853e-03
9.166844364766267919e-03
1.099857905880226479e-02
1.296217390118802916e-02
1.504945626455738046e-02
1.725239377403051111e-02
1.956309433354810196e-02
2.197380614922950226e-02
2.447691774941337939e-02
2.706495800102362570e-02
2.973059612188590911e-02
3.246664168860644711e-02
3.526604463960902880e-02
3.812189527291538760e-02
4.102742423824096152e-02
4.397600252297125673e-02
4.696114143157552323e-02
4.997649255801194651e-02
5.301584775067703231e-02
5.607313906945474158e-02
5.914243873442764921e-02
6.221795906582337776e-02
6.529405241478451749e-02
6.836521108457231655e-02
7.142606724183830913e-02
7.447139281763297258e-02
7.749609939785565005e-02
8.049523810289636871e-02
8.346399945627011596e-02
8.639771324210290815e-02
8.929184835139165888e-02
9.214201261703341972e-02
9.494395263769514481e-02
9.769355359068006284e-02
1.003868390340375422e-01
1.030199706982564828e-01
1.055892482679852418e-01
1.080911091543213798e-01
1.105221282583258441e-01
1.128790177265208694e-01
1.151586266992426222e-01
1.173579410528283878e-01
1.194740831367223782e-01
1.215043115066900131e-01
1.234460206554249956e-01
1.252967407419250112e-01
1.270541373210930802e-01
1.287160110750920072e-01
1.302802975480377157e-01
1.317450668856629536e-01
1.331085235816117929e-01
1.343690062320394008e-01
1.355249873001869443e-01
1.365750728925798629e-01
1.375180025484567525e-01
1.383526490439766221e-01
1.390780182126725717e-01
1.396932487835251258e-01
1.401976122379121614e-01
1.405905126865621413e-01
1.408714867674920879e-01
1.410402035657513098e-01
1.410964645556224140e-01
1.410402035657513098e-01
1.408714867674920879e-01
1.405905126865621413e-01
1.401976122379121614e-01
1.396932487835251258e-01
1.390780182126726272e-01
1.383526490439766776e-01
1.375180025484567525e-01
1.365750728925798629e-01
1.355249873001869720e-01
1.343690062320394285e-01
1.331085235816117929e-01
1.317450668856629536e-01
1.302802975480377157e-01
1.287160110750920072e-01
1.270541373210930802e-01
1.252967407419250112e-01
1.234460206554249956e-01
1.215043115066900131e-01
1.194740831367224060e-01
1.173579410528284434e-01
1.151586266992426916e-01
1.128790177265209110e-01
1.105221282583258996e-01
1.080911091543214075e-01
1.055892482679852695e-01
1.030199706982565383e-01
1.003868390340375422e-01
9.769355359068006284e-02
9.494395263769515869e-02
9.214201261703344747e-02
8.929184835139165888e-02
8.639771324210290815e-02
8.346399945627011596e-02
8.049523810289636871e-02
7.749609939785565005e-02
7.447139281763301422e-02
7.142606724183836464e-02
6.836521108457235818e-02
6.529405241478457300e-02
6.221795906582337776e-02
5.914243873442767696e-02
5.607313906945475546e-02
5.301584775067701150e-02
4.997649255801198814e-02
4.696114143157559956e-02
4.397600252297126366e-02
4.102742423824103091e-02
3.812189527291538760e-02
3.526604463960909125e-02
3.246664168860644711e-02
2.973059612188595768e-02
2.706495800102362570e-02
2.447691774941342102e-02
2.197380614922950226e-02
1.956309433354815053e-02
1.725239377403050417e-02
1.504945626455740128e-02
1.296217390118801181e-02
1.099857905880227173e-02
9.166844364766309552e-03
7.475282669946488670e-03
5.932347017378077417e-03
4.546630608877473903e-03
3.326866769871031013e-03
2.281928912693933359e-03
1.420830498598389668e-03
7.527249986914296559e-04
2.869058540088155473e-04
3.280643491430403069e-05
0.000000000000000000e+00
1.981996546482900357e-04
6.372583094028053813e-04
1.327168638282701096e-03
2.278063037161973461e-03
3.500213582324603750e-03
5.004031989294483937e-03
6.800069572029136464e-03
8.899017202557419140e-03
1.131170527113019471e-02
1.404910364694769188e-02
1.712232163951563080e-02
2.054260796067945705e-02
2.432135068737403122e-02
2.847007722512596983e-02
3.300045427233341822e-02
3.792428778535034128e-02
4.325352294438924994e-02
4.900024412026102866e-02
5.517667484195702687e-02
6.179517776508501592e-02
6.886825464115670092e-02
7.640854628773247059e-02
8.442883255941698029e-02
9.294203231970168955e-02
1.019612034136512663e-01
1.114995426414178287e-01
1.215703857325822340e-01
1.321872073213006538e-01
1.433636209222538538e-01
