# finite_temperature-1-F_eV
1.486568529746791489e-01
1.373089809703731679e-01
1.265201540769359534e-01
1.162767675786074706e-01
1.065653562230740037e-01
9.737259426957514674e-02
8.868529553860540759e-02
8.049041346323665413e-02
7.277504114208488417e-02
6.552641139394144165e-02
5.873189681408564483e-02
5.237900983229345359e-02
4.645540277255009315e-02
4.094886791447210211e-02
3.584733755643838143e-02
3.113888408042334716e-02
2.681172001851959280e-02
2.285419812113032717e-02
1.925481142680276342e-02
1.600219333366678653e-02
1.308511767243186741e-02
1.049249878088624743e-02
8.213391579829767974e-03
6.236991650360373951e-03
4.552635312420692804e-03
3.149799704495352681e-03
2.018102864336790425e-03
1.147303810577014055e-03
5.273026250679699323e-04
1.481405357713939941e-04
0.000000000000000000e+00
7.320478778901143291e-05
3.582200651542494230e-04
8.456524769681478260e-04
1.526250229159253902e-03
2.390903169913412979e-03
3.430642869526330518e-03
4.636642698527475293e-03
6.000217903664329527e-03
7.512825681303923753e-03
9.166065247775911917e-03
1.095167790614744174e-02
1.286154710888614411e-02
1.488769851583240239e-02
1.702230004686761111e-02
1.925766192863039711e-02
2.158623673459815484e-02
2.400061941781864161e-02
2.649354733554322439e-02
2.905790026498427520e-02
3.168670040938945803e-02
3.437311239360215515e-02
3.711044324825331364e-02
3.989214238171390203e-02
4.271180153892243508e-02
4.556315474619530154e-02
4.844007824112547128e-02
5.133659038668086233e-02
5.424685156862667917e-02
5.716516407541814143e-02
6.008597195974046262e-02
6.300386088091602943e-02
6.591355792744801878e-02
6.880993141903735122e-02
7.168799068748271663e-02
7.454288583596410667e-02
7.736990747631164456e-02
8.016448644397719536e-02
8.292219349055471311e-02
8.563873895383825041e-02
8.830997240556168193e-02
9.093188227713153160e-02
9.350059546384645315e-02
9.601237690828440252e-02
9.846362916374187813e-02
1.008508919388141911e-01
1.031708416244231374e-01
1.054202908048131326e-01
1.075961877542566669e-01
1.096956159214281523e-01
1.117157934036161482e-01
1.136540724131514524e-01
1.155079387386213907e-01
1.172750112036213821e-01
1.189530411259575315e-01
1.205399117803553910e-01
1.220336378678467948e-01
1.234323649950972435e-01
1.247343691669949572e-01
1.259380562958501981e-01
1.270419617305452720e-01
1.280447498089310743e-01
1.289452134366849134e-01
1.297422736957246359e-01
1.304349794851165367e-01
1.310225071972216659e-01
1.315041604315956847e-01
1.318793697488956362e-01
1.321476924667555342e-01
1.323088124992740089e-01
1.323625402414161933e-01
1.323088124992740089e-01
1.321476924667555342e-01
1.318793697488956362e-01
1.315041604315956847e-01
1.310225071972216659e-01
1.304349794851165922e-01
1.297422736957246914e-01
1.289452134366849134e-01
1.280447498089310743e-01
1.270419617305452997e-01
1.259380562958502259e-01
1.247343691669949572e-01
1.234323649950972435e-01
1.220336378678467948e-01
1.205399117803553910e-01
1.189530411259575315e-01
1.172750112036213821e-01
1.155079387386213907e-01
1.136540724131514524e-01
1.117157934036161759e-01
1.096956159214282078e-01
1.075961877542567502e-01
1.054202908048131881e-01
1.031708416244231652e-01
1.008508919388141911e-01
9.846362916374193364e-02
9.601237690828445803e-02
9.350059546384645315e-02
9.093188227713153160e-02
8.830997240556170969e-02
8.563873895383827817e-02
8.292219349055471311e-02
8.016448644397719536e-02
7.736990747631164456e-02
7.454288583596410667e-02
7.168799068748271663e-02
6.880993141903737897e-02
6.591355792744807429e-02
6.300386088091605719e-02
6.008597195974051813e-02
5.716516407541814143e-02
5.424685156862670693e-02
5.133659038668087621e-02
4.844007824112544353e-02
4.556315474619532929e-02
4.271180153892251141e-02
3.989214238171391591e-02
3.711044324825337609e-02
3.437311239360215515e-02
3.168670040938951354e-02
2.905790026498427520e-02
2.649354733554327296e-02
2.400061941781864161e-02
2.158623673459818954e-02
1.925766192863039711e-02
1.702230004686765275e-02
1.488769851583239545e-02
1.286154710888616493e-02
1.095167790614742093e-02
9.166065247775911917e-03
7.512825681303965386e-03
6.000217903664346875e-03
4.636642698527506518e-03
3.430642869526330518e-03
2.390903169913426857e-03
1.526250229159253902e-03
8.456524769681547649e-04
3.582200651542494230e-04
7.320478778901490235e-05
0.000000000000000000e+00
1.481405357713870552e-04
5.273026250679699323e-04
1.147303810577010585e-03
2.018102864336790425e-03
3.149799704495352681e-03
4.552635312420633823e-03
6.236991650360373951e-03
8.213391579829702055e-03
1.049249878088624743e-02
1.308511767243183271e-02
1.600219333366678653e-02
1.925481142680272179e-02
2.285419812113032717e-02
2.681172001851953729e-02
3.113888408042334716e-02
3.584733755643831205e-02
4.094886791447210211e-02
4.645540277254998213e-02
5.237900983229345359e-02
5.873189681408553381e-02
6.552641139394144165e-02
7.277504114208488417e-02
8.049041346323654311e-02
8.868529553860540759e-02
9.737259426957498021e-02
1.065653562230740037e-01
1.162767675786073041e-01
1.265201540769359534e-01
1.373089809703729458e-01
1.486568529746791489e-01
