# finite_temperature-2-F_eV
1.559262256784169631e-01
1.443497424696403297e-01
1.333315751699116758e-01
1.228581307953641594e-01
1.129159566028083567e-01
1.034917401699102651e-01
9.457230947802738874e-02
8.614463299774612060e-02
7.819581977715985011e-02
7.071311953292072627e-02
6.368392274409438725e-02
5.709576074884072094e-02
5.093630584393513128e-02
4.519337138713849789e-02
3.985491190241563508e-02
3.490902318799056492e-02
3.034394242721764889e-02
2.614804830223554921e-02
2.230986111035627301e-02
1.881804288312963896e-02
1.566139750800477071e-02
1.282887085249539982e-02
1.030955089073458397e-02
8.092667832285620200e-03
6.167594253052799402e-03
4.523845228110577599e-03
3.151078466246300114e-03
2.039094445980008108e-03
1.177836552798267045e-03
5.573912173039742568e-04
1.679880539516495630e-04
0.000000000000000000e+00
4.394345427539622650e-05
2.904784152985596946e-04
7.304086182837385421e-04
1.354681670473999178e-03
2.154389184228860943e-03
3.120766907230773657e-03
4.245194849125527581e-03
5.519197403858186468e-03
6.934443466911494047e-03
8.482746546597377812e-03
1.015606486849522649e-02
1.194650147207232393e-02
1.384630429846434030e-02
1.584786626833564749e-02
1.794372534868191732e-02
2.012656460738271313e-02
2.238921225425702377e-02
2.472464166732542268e-02
2.712597140293408066e-02
2.958646518835524042e-02
3.209953189544050706e-02
3.465872549387483126e-02
3.725774498255571276e-02
3.989043429761048032e-02
4.255078219556077124e-02
4.523292211015308983e-02
4.793113198139611897e-02
5.063983405538186044e-02
5.335359465351910413e-02
5.606712390987837746e-02
5.877527547543168196e-02
6.147304618808058230e-02
6.415557570748953164e-02
6.681814611389184921e-02
6.945618147020439503e-02
7.206524734698030454e-02
7.464105030994282186e-02
7.717943737008210736e-02
7.967639539655445302e-02
8.212805049290419768e-02
8.453066733742906069e-02
8.688064848882569302e-02
8.917453365858814263e-02
9.140899895197529545e-02
9.358085607972355113e-02
9.568705154304021909e-02
9.772466579477946669e-02
9.969091238006526356e-02
1.015831370599785816e-01
1.033988169222707504e-01
1.051355594833873058e-01
1.067911017863872741e-01
1.083633094996142160e-01
1.098501760212106521e-01
1.112498215947630015e-01
1.125604924415137403e-01
1.137805599146766017e-01
1.149085196814353255e-01
1.159429909381937823e-01
1.168827156645701332e-01
1.177265579214931829e-01
1.184735031985593851e-01
1.191226578155458876e-01
1.196732483826544596e-01
1.201246213236778076e-01
1.204762424658443881e-01
1.207276966996109063e-01
1.208786877111416719e-01
1.209290377896453245e-01
1.208786877111416719e-01
1.207276966996109063e-01
1.204762424658443881e-01
1.201246213236778076e-01
1.196732483826544596e-01
1.191226578155459431e-01
1.184735031985594406e-01
1.177265579214931829e-01
1.168827156645701332e-01
1.159429909381938101e-01
1.149085196814353532e-01
1.137805599146766017e-01
1.125604924415137403e-01
1.112498215947630015e-01
1.098501760212106521e-01
1.083633094996142160e-01
1.067911017863872741e-01
1.051355594833873058e-01
1.033988169222707504e-01
1.015831370599786093e-01
9.969091238006531908e-02
9.772466579477954995e-02
9.568705154304026073e-02
9.358085607972360664e-02
9.140899895197532321e-02
8.917453365858817038e-02
8.688064848882574853e-02
8.453066733742906069e-02
8.212805049290419768e-02
7.967639539655446690e-02
7.717943737008213512e-02
7.464105030994282186e-02
7.206524734698030454e-02
6.945618147020439503e-02
6.681814611389184921e-02
6.415557570748953164e-02
6.147304618808062393e-02
5.877527547543173747e-02
5.606712390987840522e-02
5.335359465351915964e-02
5.063983405538186044e-02
4.793113198139614672e-02
4.523292211015310371e-02
4.255078219556075736e-02
3.989043429761052195e-02
3.725774498255578215e-02
3.465872549387483126e-02
3.209953189544056257e-02
2.958646518835524042e-02
2.712597140293412923e-02
2.472464166732542268e-02
2.238921225425707234e-02
2.012656460738271313e-02
1.794372534868195201e-02
1.584786626833564749e-02
1.384630429846438193e-02
1.194650147207231700e-02
1.015606486849524037e-02
8.482746546597363935e-03
6.934443466911494047e-03
5.519197403858228101e-03
4.245194849125548398e-03
3.120766907230801412e-03
2.154389184228860943e-03
1.354681670474013055e-03
7.304086182837385421e-04
2.904784152985631640e-04
4.394345427539622650e-05
0.000000000000000000e+00
1.679880539516495630e-04
5.573912173039638485e-04
1.177836552798267045e-03
2.039094445980004638e-03
3.151078466246300114e-03
4.523845228110577599e-03
6.167594253052730013e-03
8.092667832285620200e-03
1.030955089073451458e-02
1.282887085249539982e-02
1.566139750800474295e-02
1.881804288312963896e-02
2.230986111035622443e-02
2.614804830223554921e-02
3.034394242721759338e-02
3.490902318799056492e-02
3.985491190241556569e-02
4.519337138713849789e-02
5.093630584393502025e-02
5.709576074884072094e-02
6.368392274409426235e-02
7.071311953292072627e-02
7.819581977715985011e-02
8.614463299774600957e-02
9.457230947802738874e-02
1.034917401699101264e-01
1.129159566028083567e-01
1.228581307953639651e-01
1.333315751699116758e-01
1.443497424696401077e-01
1.559262256784169631e-01
