# MEP_eV
1.382399999999999185e-01
1.272350448023999159e-01
1.167902285183998884e-01
1.068919288343999213e-01
9.752666173439993036e-02
8.868108149999992529e-02
8.034198071039992672e-02
7.249629024239989672e-02
6.513107927039990530e-02
5.823355526639999169e-02
5.179106400000001859e-02
4.579108953840000523e-02
4.022125424640000252e-02
3.506931878639997502e-02
3.032318211839997099e-02
2.597088149999999054e-02
2.200059248639997175e-02
1.840062893039997802e-02
1.515944298239997601e-02
1.226562509039999006e-02
9.707903999999979022e-03
7.475146754399983676e-03
5.556358694400010539e-03
3.940683458399984150e-03
2.617402982400008141e-03
1.575937499999987505e-03
8.058455424000005854e-04
2.968239383999995659e-04
3.870781440000037983e-05
2.147059439999990588e-05
2.352240000000009449e-04
6.702180504000002396e-04
1.316841062400003152e-03
2.165619650400005258e-03
3.207218726400006079e-03
4.432441500000008049e-03
5.832229478400007515e-03
7.397662466399996042e-03
9.119958566400000743e-03
1.099047417840000145e-02
1.300070400000000875e-02
1.514228102640001114e-02
1.740697655040000791e-02
1.978670016240000745e-02
2.227349975039999083e-02
2.485956150000000198e-02
2.753720989439999156e-02
3.029890771440000782e-02
3.313725603839999534e-02
3.604499424240001360e-02
3.901500000000000107e-02
4.204028928240001461e-02
4.511401635840000396e-02
4.822947379439999904e-02
5.138009245439999900e-02
5.455944149999999299e-02
5.776122839039999485e-02
6.097929888240000845e-02
6.420763703039999992e-02
6.744036518640002253e-02
7.067174399999996692e-02
7.389617241839999129e-02
7.710818768639998710e-02
8.030246534639999545e-02
8.347381923839998497e-02
8.661720150000000451e-02
8.972770256639998887e-02
9.280055117040000856e-02
9.583111434240000615e-02
9.881489741039997665e-02
1.017475439999999953e-01
1.046248360343999956e-01
1.074426937344000327e-01
1.101971756183999646e-01
1.128844785023999792e-01
1.155009374999999838e-01
1.180430260223999661e-01
1.205073557783999938e-01
1.228906767743999651e-01
1.251898773143999832e-01
1.274019839999999959e-01
1.295241617303999893e-01
1.315537137023999881e-01
1.334880814104000002e-01
1.353248446463999888e-01
1.370617214999999833e-01
1.386965683583999964e-01
1.402273799063999959e-01
1.416522891263999884e-01
1.429695672983999633e-01
1.441776239999999765e-01
1.452750071064000115e-01
1.462604027903999793e-01
1.471326355223999682e-01
1.478906680703999665e-01
1.485336014999999732e-01
1.490606751743999980e-01
1.494712667544000062e-01
1.497648921984000014e-01
1.499412057623999983e-01
1.499999999999999944e-01
1.499412057623999983e-01
1.497648921984000014e-01
1.494712667544000062e-01
1.490606751743999980e-01
1.485336014999999732e-01
1.478906680704000220e-01
1.471326355224000237e-01
1.462604027903999793e-01
1.452750071064000115e-01
1.441776240000000042e-01
1.429695672983999910e-01
1.416522891263999884e-01
1.402273799063999959e-01
1.386965683583999964e-01
1.370617214999999833e-01
1.353248446463999888e-01
1.334880814104000002e-01
1.315537137023999881e-01
1.295241617303999893e-01
1.274019840000000237e-01
1.251898773144000387e-01
1.228906767744000345e-01
1.205073557784000354e-01
1.180430260224000216e-01
1.155009375000000116e-01
1.128844785024000208e-01
1.101971756184000201e-01
1.074426937344000327e-01
1.046248360343999956e-01
1.017475440000000231e-01
9.881489741040000441e-02
9.583111434240000615e-02
9.280055117040000856e-02
8.972770256639998887e-02
8.661720150000000451e-02
8.347381923839998497e-02
8.030246534640003708e-02
7.710818768640005649e-02
7.389617241840003292e-02
7.067174400000002243e-02
6.744036518640002253e-02
6.420763703040002768e-02
6.097929888240002927e-02
5.776122839039997403e-02
5.455944150000003462e-02
5.138009245440008227e-02
4.822947379440001292e-02
4.511401635840007335e-02
4.204028928240001461e-02
3.901500000000006352e-02
3.604499424240001360e-02
3.313725603840004391e-02
3.029890771440000782e-02
2.753720989440003666e-02
2.485956150000000198e-02
2.227349975040003940e-02
1.978670016239999704e-02
1.740697655040002872e-02
1.514228102639999032e-02
1.300070400000001916e-02
1.099047417840004828e-02
9.119958566400018091e-03
7.397662466400040278e-03
5.832229478400007515e-03
4.432441500000025396e-03
3.207218726400006079e-03
2.165619650400017401e-03
1.316841062400003152e-03
6.702180504000091301e-04
2.352240000000009449e-04
2.147059440000150169e-05
3.870781440000037983e-05
2.968239383999936570e-04
8.058455424000005854e-04
1.575937499999987505e-03
2.617402982399964339e-03
3.940683458399984150e-03
5.556358694399959365e-03
7.475146754399983676e-03
9.707903999999946063e-03
1.226562509039999006e-02
1.515944298239993090e-02
1.840062893039997802e-02
2.200059248639991971e-02
2.597088149999999054e-02
3.032318211839991201e-02
3.506931878639997502e-02
4.022125424639990537e-02
4.579108953840000523e-02
5.179106399999990756e-02
5.823355526639999169e-02
6.513107927039990530e-02
7.249629024239979957e-02
8.034198071039992672e-02
8.868108149999977263e-02
9.752666173439993036e-02
1.068919288343997548e-01
1.167902285183998884e-01
1.272350448023997216e-01
1.382399999999999185e-01
