# x
-1.399999999999999911e+00
-1.385999999999999899e+00
-1.371999999999999886e+00
-1.357999999999999874e+00
-1.343999999999999861e+00
-1.329999999999999849e+00
-1.315999999999999837e+00
-1.301999999999999824e+00
-1.287999999999999812e+00
-1.274000000000000021e+00
-1.260000000000000009e+00
-1.245999999999999996e+00
-1.231999999999999984e+00
-1.217999999999999972e+00
-1.203999999999999959e+00
-1.189999999999999947e+00
-1.175999999999999934e+00
-1.161999999999999922e+00
-1.147999999999999909e+00
-1.133999999999999897e+00
-1.119999999999999885e+00
-1.105999999999999872e+00
-1.092000000000000082e+00
-1.077999999999999847e+00
-1.064000000000000057e+00
-1.049999999999999822e+00
-1.036000000000000032e+00
-1.022000000000000020e+00
-1.008000000000000007e+00
-9.939999999999999947e-01
-9.799999999999999822e-01
-9.659999999999999698e-01
-9.519999999999999574e-01
-9.379999999999999449e-01
-9.239999999999999325e-01
-9.099999999999999201e-01
-8.959999999999999076e-01
-8.820000000000000062e-01
-8.679999999999999938e-01
-8.539999999999999813e-01
-8.399999999999999689e-01
-8.259999999999999565e-01
-8.119999999999999440e-01
-7.979999999999999316e-01
-7.840000000000000302e-01
-7.700000000000000178e-01
-7.560000000000000053e-01
-7.419999999999999929e-01
-7.279999999999999805e-01
-7.139999999999999680e-01
-6.999999999999999556e-01
-6.859999999999999432e-01
-6.719999999999999307e-01
-6.580000000000000293e-01
-6.440000000000000169e-01
-6.300000000000000044e-01
-6.159999999999999920e-01
-6.019999999999999796e-01
-5.879999999999999671e-01
-5.739999999999999547e-01
-5.600000000000000533e-01
-5.460000000000000409e-01
-5.320000000000000284e-01
-5.180000000000000160e-01
-5.040000000000000036e-01
-4.899999999999999911e-01
-4.759999999999999787e-01
-4.619999999999999662e-01
-4.479999999999999538e-01
-4.340000000000000524e-01
-4.200000000000000400e-01
-4.060000000000000275e-01
-3.919999999999999041e-01
-3.780000000000001137e-01
-3.640000000000001013e-01
-3.500000000000000888e-01
-3.360000000000000764e-01
-3.220000000000000639e-01
-3.080000000000000515e-01
-2.940000000000000391e-01
-2.800000000000000266e-01
-2.660000000000000142e-01
-2.520000000000000018e-01
-2.379999999999999893e-01
-2.239999999999999769e-01
-2.099999999999999645e-01
-1.959999999999999520e-01
-1.819999999999999396e-01
-1.680000000000001492e-01
-1.540000000000001368e-01
-1.400000000000001243e-01
-1.260000000000001119e-01
-1.120000000000000995e-01
-9.800000000000008704e-02
-8.400000000000007461e-02
-7.000000000000006217e-02
-5.600000000000004974e-02
-4.200000000000003730e-02
-2.800000000000002487e-02
-1.400000000000001243e-02
0.000000000000000000e+00
1.400000000000001243e-02
2.800000000000002487e-02
4.200000000000003730e-02
5.600000000000004974e-02
6.999999999999984013e-02
8.399999999999985256e-02
9.799999999999986500e-02
1.119999999999998774e-01
1.259999999999998899e-01
1.399999999999999023e-01
1.539999999999999147e-01
1.679999999999999272e-01
1.819999999999999396e-01
1.959999999999999520e-01
2.099999999999999645e-01
2.239999999999999769e-01
2.379999999999999893e-01
2.520000000000000018e-01
2.660000000000000142e-01
2.799999999999998046e-01
2.939999999999998170e-01
3.079999999999998295e-01
3.219999999999998419e-01
3.359999999999998543e-01
3.499999999999998668e-01
3.639999999999998792e-01
3.779999999999998916e-01
3.919999999999999041e-01
4.059999999999999165e-01
4.199999999999999289e-01
4.339999999999999414e-01
4.479999999999999538e-01
4.619999999999999662e-01
4.759999999999999787e-01
4.899999999999999911e-01
5.040000000000000036e-01
5.179999999999997939e-01
5.319999999999998064e-01
5.459999999999998188e-01
5.599999999999998312e-01
5.739999999999998437e-01
5.879999999999998561e-01
6.019999999999998685e-01
6.160000000000001030e-01
6.299999999999998934e-01
6.439999999999996838e-01
6.579999999999999183e-01
6.719999999999997087e-01
6.859999999999999432e-01
6.999999999999997335e-01
7.139999999999999680e-01
7.279999999999997584e-01
7.419999999999999929e-01
7.559999999999997833e-01
7.700000000000000178e-01
7.839999999999998082e-01
7.980000000000000426e-01
8.119999999999998330e-01
8.260000000000000675e-01
8.399999999999998579e-01
8.539999999999996483e-01
8.679999999999998828e-01
8.819999999999996732e-01
8.959999999999999076e-01
9.099999999999996980e-01
9.239999999999999325e-01
9.379999999999997229e-01
9.519999999999999574e-01
9.659999999999997478e-01
9.799999999999999822e-01
9.939999999999997726e-01
1.008000000000000007e+00
1.021999999999999797e+00
1.036000000000000032e+00
1.049999999999999822e+00
1.063999999999999613e+00
1.077999999999999847e+00
1.091999999999999638e+00
1.105999999999999872e+00
1.119999999999999662e+00
1.133999999999999897e+00
1.147999999999999687e+00
1.161999999999999922e+00
1.175999999999999712e+00
1.189999999999999947e+00
1.203999999999999737e+00
1.217999999999999972e+00
1.231999999999999762e+00
1.245999999999999996e+00
1.259999999999999787e+00
1.274000000000000021e+00
1.287999999999999812e+00
1.301999999999999602e+00
1.315999999999999837e+00
1.329999999999999627e+00
1.343999999999999861e+00
1.357999999999999652e+00
1.371999999999999886e+00
1.385999999999999677e+00
1.399999999999999911e+00
